012345 Rosario 1900.0 1050.0
123456 Mendoza 3100.0 1550.0
123456 Mendoza 4600.0 2250.0
234567 Cordoba 2100.0 1250.0
234567 Mendoza 6100.0 2850.0
345678 Buenos_Aires 1300.0 820.0
456789 Cordoba 2100.0 1250.0
456789 San_Juan 4100.0 2050.0
567890 Santa_Fe 2100.0 1050.0
678901 Buenos_Aires 3100.0 2250.0
678901 Cordoba 1600.0 550.0
678901 Rosario 5600.0 2650.0
678901 Santa_Fe 2900.0 2050.0
678901 Tucuman 2700.0 1850.0
789012 San_Juan 3300.0 2450.0
789012 Santa_Fe 6600.0 3050.0
890123 Buenos_Aires 5100.0 2450.0
901234 Rosario 2300.0 1450.0
901234 San_Juan 3600.0 1850.0
901234 San_Luis 5000.0 1000.0